{
 "cells": [
  {
   "cell_type": "code",
   "execution_count": 208,
   "metadata": {},
   "outputs": [],
   "source": [
    "import numpy as np\n",
    "import pandas as pd"
   ]
  },
  {
   "cell_type": "code",
   "execution_count": 209,
   "metadata": {},
   "outputs": [],
   "source": [
    "from problems import questions"
   ]
  },
  {
   "cell_type": "code",
   "execution_count": 210,
   "metadata": {},
   "outputs": [
    {
     "data": {
      "text/plain": [
       "'22. ICO트릴레마에 대해서 설명하라'"
      ]
     },
     "execution_count": 210,
     "metadata": {},
     "output_type": "execute_result"
    }
   ],
   "source": [
    "questions[21]"
   ]
  },
  {
   "cell_type": "markdown",
   "metadata": {},
   "source": [
    "이 문제에 대해서 설명하기 이전에 두가지를 먼저 피력해본다.\n",
    "\n",
    "첫번째, 화폐(Currency)는 특정 주체(주로 국가)에 의해 신용으로 보증이 되어있다.\n",
    "\n",
    "두번째, 어떤 재화(Commodity)의 가치(Value)는 그 재화의 생산에 들었던 자원(자본, 노동력 등)의 가치와 사실상 무관하다.\n",
    "\n",
    "ICO 트릴레마에 대해서는 Onther Blog에서 ['ICO 트릴레마(Trillema, ICO 삼위일체불가능성)'](https://medium.com/onther-tech/ico-%ED%8A%B8%EB%A6%B4%EB%A0%88%EB%A7%88-trillema-ico-%EC%82%BC%EC%9C%84%EC%9D%BC%EC%B2%B4%EB%B6%88%EA%B0%80%EB%8A%A5%EC%84%B1-87c6d9233a78) 다루어졌다.\n",
    "\n",
    "앞서 첫번째 피력한 부분을 이어본다면 미화(USD), 원화(KRW) 과 같은 정부발행 화폐의 가치를 뒷받침 하는 것은 정부에 대한 신뢰이다. 이 신뢰는 해당 화폐 발행하는 정부가 발행한 국채, 보유 금 과 같이 신용을 창출 할 수 있는 담보물에 대한 믿음을 바탕으로 이루어 진다.\n",
    "\n",
    "암호화폐에 있어서 화폐의 가치에 대한 부분을 빗대어 보자면, ICO를 통한 Token의 가치를 유일하게 뒷받침 할수 있는 것은 투자 받은 암호화폐의 가치에 기인한다. ICO한 Token A의 가치는 판매대금으로 받은 암호화폐의 가치에 따른다고 할 수 있다.\n",
    "\n",
    "(Token A Total Supply) * (Token A price) ∧ Funded Coin Value(Funded Coin Volume * Funded Coin Price)\n",
    "\n",
    "다음은, 100ETH를 Funding 받은 ICO의 Token A의 공급량(Total Supply) 와 판매가격(Sale Price)에 따른 Token A의 가격을 보여준다."
   ]
  },
  {
   "cell_type": "code",
   "execution_count": 211,
   "metadata": {},
   "outputs": [],
   "source": [
    "ETH = 100 #hardcap funded\n",
    "Total_Supply = range(1000, 11000, 1000)\n",
    "Rate = range(100, 1100, 100)"
   ]
  },
  {
   "cell_type": "code",
   "execution_count": 212,
   "metadata": {},
   "outputs": [
    {
     "data": {
      "text/html": [
       "<div>\n",
       "<style scoped>\n",
       "    .dataframe tbody tr th:only-of-type {\n",
       "        vertical-align: middle;\n",
       "    }\n",
       "\n",
       "    .dataframe tbody tr th {\n",
       "        vertical-align: top;\n",
       "    }\n",
       "\n",
       "    .dataframe thead th {\n",
       "        text-align: right;\n",
       "    }\n",
       "</style>\n",
       "<table border=\"1\" class=\"dataframe\">\n",
       "  <thead>\n",
       "    <tr style=\"text-align: right;\">\n",
       "      <th>Total_Supply[TokenA]</th>\n",
       "      <th>1000</th>\n",
       "      <th>2000</th>\n",
       "      <th>3000</th>\n",
       "      <th>4000</th>\n",
       "      <th>5000</th>\n",
       "      <th>6000</th>\n",
       "      <th>7000</th>\n",
       "      <th>8000</th>\n",
       "      <th>9000</th>\n",
       "      <th>10000</th>\n",
       "    </tr>\n",
       "    <tr>\n",
       "      <th>Sale Price[A/ETH]</th>\n",
       "      <th></th>\n",
       "      <th></th>\n",
       "      <th></th>\n",
       "      <th></th>\n",
       "      <th></th>\n",
       "      <th></th>\n",
       "      <th></th>\n",
       "      <th></th>\n",
       "      <th></th>\n",
       "      <th></th>\n",
       "    </tr>\n",
       "  </thead>\n",
       "  <tbody>\n",
       "    <tr>\n",
       "      <th>100</th>\n",
       "      <td>0.001000</td>\n",
       "      <td>0.000500</td>\n",
       "      <td>0.000333</td>\n",
       "      <td>0.000250</td>\n",
       "      <td>0.000200</td>\n",
       "      <td>0.000167</td>\n",
       "      <td>0.000143</td>\n",
       "      <td>0.000125</td>\n",
       "      <td>0.000111</td>\n",
       "      <td>0.000100</td>\n",
       "    </tr>\n",
       "    <tr>\n",
       "      <th>200</th>\n",
       "      <td>0.000500</td>\n",
       "      <td>0.000250</td>\n",
       "      <td>0.000167</td>\n",
       "      <td>0.000125</td>\n",
       "      <td>0.000100</td>\n",
       "      <td>0.000083</td>\n",
       "      <td>0.000071</td>\n",
       "      <td>0.000063</td>\n",
       "      <td>0.000056</td>\n",
       "      <td>0.000050</td>\n",
       "    </tr>\n",
       "    <tr>\n",
       "      <th>300</th>\n",
       "      <td>0.000333</td>\n",
       "      <td>0.000167</td>\n",
       "      <td>0.000111</td>\n",
       "      <td>0.000083</td>\n",
       "      <td>0.000067</td>\n",
       "      <td>0.000056</td>\n",
       "      <td>0.000048</td>\n",
       "      <td>0.000042</td>\n",
       "      <td>0.000037</td>\n",
       "      <td>0.000033</td>\n",
       "    </tr>\n",
       "    <tr>\n",
       "      <th>400</th>\n",
       "      <td>0.000250</td>\n",
       "      <td>0.000125</td>\n",
       "      <td>0.000083</td>\n",
       "      <td>0.000063</td>\n",
       "      <td>0.000050</td>\n",
       "      <td>0.000042</td>\n",
       "      <td>0.000036</td>\n",
       "      <td>0.000031</td>\n",
       "      <td>0.000028</td>\n",
       "      <td>0.000025</td>\n",
       "    </tr>\n",
       "    <tr>\n",
       "      <th>500</th>\n",
       "      <td>0.000200</td>\n",
       "      <td>0.000100</td>\n",
       "      <td>0.000067</td>\n",
       "      <td>0.000050</td>\n",
       "      <td>0.000040</td>\n",
       "      <td>0.000033</td>\n",
       "      <td>0.000029</td>\n",
       "      <td>0.000025</td>\n",
       "      <td>0.000022</td>\n",
       "      <td>0.000020</td>\n",
       "    </tr>\n",
       "    <tr>\n",
       "      <th>600</th>\n",
       "      <td>0.000167</td>\n",
       "      <td>0.000083</td>\n",
       "      <td>0.000056</td>\n",
       "      <td>0.000042</td>\n",
       "      <td>0.000033</td>\n",
       "      <td>0.000028</td>\n",
       "      <td>0.000024</td>\n",
       "      <td>0.000021</td>\n",
       "      <td>0.000019</td>\n",
       "      <td>0.000017</td>\n",
       "    </tr>\n",
       "    <tr>\n",
       "      <th>700</th>\n",
       "      <td>0.000143</td>\n",
       "      <td>0.000071</td>\n",
       "      <td>0.000048</td>\n",
       "      <td>0.000036</td>\n",
       "      <td>0.000029</td>\n",
       "      <td>0.000024</td>\n",
       "      <td>0.000020</td>\n",
       "      <td>0.000018</td>\n",
       "      <td>0.000016</td>\n",
       "      <td>0.000014</td>\n",
       "    </tr>\n",
       "    <tr>\n",
       "      <th>800</th>\n",
       "      <td>0.000125</td>\n",
       "      <td>0.000063</td>\n",
       "      <td>0.000042</td>\n",
       "      <td>0.000031</td>\n",
       "      <td>0.000025</td>\n",
       "      <td>0.000021</td>\n",
       "      <td>0.000018</td>\n",
       "      <td>0.000016</td>\n",
       "      <td>0.000014</td>\n",
       "      <td>0.000013</td>\n",
       "    </tr>\n",
       "    <tr>\n",
       "      <th>900</th>\n",
       "      <td>0.000111</td>\n",
       "      <td>0.000056</td>\n",
       "      <td>0.000037</td>\n",
       "      <td>0.000028</td>\n",
       "      <td>0.000022</td>\n",
       "      <td>0.000019</td>\n",
       "      <td>0.000016</td>\n",
       "      <td>0.000014</td>\n",
       "      <td>0.000012</td>\n",
       "      <td>0.000011</td>\n",
       "    </tr>\n",
       "    <tr>\n",
       "      <th>1000</th>\n",
       "      <td>0.000100</td>\n",
       "      <td>0.000050</td>\n",
       "      <td>0.000033</td>\n",
       "      <td>0.000025</td>\n",
       "      <td>0.000020</td>\n",
       "      <td>0.000017</td>\n",
       "      <td>0.000014</td>\n",
       "      <td>0.000013</td>\n",
       "      <td>0.000011</td>\n",
       "      <td>0.000010</td>\n",
       "    </tr>\n",
       "  </tbody>\n",
       "</table>\n",
       "</div>"
      ],
      "text/plain": [
       "Total_Supply[TokenA]     1000      2000      3000      4000      5000   \\\n",
       "Sale Price[A/ETH]                                                        \n",
       "100                   0.001000  0.000500  0.000333  0.000250  0.000200   \n",
       "200                   0.000500  0.000250  0.000167  0.000125  0.000100   \n",
       "300                   0.000333  0.000167  0.000111  0.000083  0.000067   \n",
       "400                   0.000250  0.000125  0.000083  0.000063  0.000050   \n",
       "500                   0.000200  0.000100  0.000067  0.000050  0.000040   \n",
       "600                   0.000167  0.000083  0.000056  0.000042  0.000033   \n",
       "700                   0.000143  0.000071  0.000048  0.000036  0.000029   \n",
       "800                   0.000125  0.000063  0.000042  0.000031  0.000025   \n",
       "900                   0.000111  0.000056  0.000037  0.000028  0.000022   \n",
       "1000                  0.000100  0.000050  0.000033  0.000025  0.000020   \n",
       "\n",
       "Total_Supply[TokenA]     6000      7000      8000      9000      10000  \n",
       "Sale Price[A/ETH]                                                       \n",
       "100                   0.000167  0.000143  0.000125  0.000111  0.000100  \n",
       "200                   0.000083  0.000071  0.000063  0.000056  0.000050  \n",
       "300                   0.000056  0.000048  0.000042  0.000037  0.000033  \n",
       "400                   0.000042  0.000036  0.000031  0.000028  0.000025  \n",
       "500                   0.000033  0.000029  0.000025  0.000022  0.000020  \n",
       "600                   0.000028  0.000024  0.000021  0.000019  0.000017  \n",
       "700                   0.000024  0.000020  0.000018  0.000016  0.000014  \n",
       "800                   0.000021  0.000018  0.000016  0.000014  0.000013  \n",
       "900                   0.000019  0.000016  0.000014  0.000012  0.000011  \n",
       "1000                  0.000017  0.000014  0.000013  0.000011  0.000010  "
      ]
     },
     "execution_count": 212,
     "metadata": {},
     "output_type": "execute_result"
    }
   ],
   "source": [
    "df = pd.DataFrame([ETH / np.array(Total_Supply)], index=list(Rate), columns=list(Total_Supply))\n",
    "df = df.apply(lambda x: x / x.index)\n",
    "df.index.name = 'Sale Price[A/ETH]'\n",
    "df.columns.name = 'Total_Supply[TokenA]'\n",
    "df"
   ]
  },
  {
   "cell_type": "markdown",
   "metadata": {},
   "source": [
    "당연한 것이지만 Total_Supply가 높을 수록, Token A의 판매가격이 높을수록 개당 Token A 가격이 낮아 질 것이다.\n",
    "\n",
    "위의 테이블은 트릴레마 삼각형 중 Total_Supply - Price의 관계 그려놓은것이다.\n",
    "\n",
    "그렇다면 또 다른 삼각형 축에 해당하는 분배(Allocation)를 표현하여 보자.\n",
    "\n",
    "Total_Supply에서 개발팀에서의 보유분 + 리저브로 30%를 할당 한다 하였을때, Total_Supply의 70% 만이 실질적으로 투자받은 가치에 해당할 것이다."
   ]
  },
  {
   "cell_type": "code",
   "execution_count": 213,
   "metadata": {},
   "outputs": [
    {
     "data": {
      "text/html": [
       "<div>\n",
       "<style scoped>\n",
       "    .dataframe tbody tr th:only-of-type {\n",
       "        vertical-align: middle;\n",
       "    }\n",
       "\n",
       "    .dataframe tbody tr th {\n",
       "        vertical-align: top;\n",
       "    }\n",
       "\n",
       "    .dataframe thead th {\n",
       "        text-align: right;\n",
       "    }\n",
       "</style>\n",
       "<table border=\"1\" class=\"dataframe\">\n",
       "  <thead>\n",
       "    <tr style=\"text-align: right;\">\n",
       "      <th>Total_Supply[TokenA]</th>\n",
       "      <th>1000</th>\n",
       "      <th>2000</th>\n",
       "      <th>3000</th>\n",
       "      <th>4000</th>\n",
       "      <th>5000</th>\n",
       "      <th>6000</th>\n",
       "      <th>7000</th>\n",
       "      <th>8000</th>\n",
       "      <th>9000</th>\n",
       "      <th>10000</th>\n",
       "    </tr>\n",
       "    <tr>\n",
       "      <th>Allocation Rate[Dev+Rev]</th>\n",
       "      <th></th>\n",
       "      <th></th>\n",
       "      <th></th>\n",
       "      <th></th>\n",
       "      <th></th>\n",
       "      <th></th>\n",
       "      <th></th>\n",
       "      <th></th>\n",
       "      <th></th>\n",
       "      <th></th>\n",
       "    </tr>\n",
       "  </thead>\n",
       "  <tbody>\n",
       "    <tr>\n",
       "      <th>0 %</th>\n",
       "      <td>0.0010</td>\n",
       "      <td>0.00050</td>\n",
       "      <td>0.000333</td>\n",
       "      <td>0.000250</td>\n",
       "      <td>0.00020</td>\n",
       "      <td>0.000167</td>\n",
       "      <td>0.000143</td>\n",
       "      <td>0.000125</td>\n",
       "      <td>0.000111</td>\n",
       "      <td>0.00010</td>\n",
       "    </tr>\n",
       "    <tr>\n",
       "      <th>30 %</th>\n",
       "      <td>0.0007</td>\n",
       "      <td>0.00035</td>\n",
       "      <td>0.000233</td>\n",
       "      <td>0.000175</td>\n",
       "      <td>0.00014</td>\n",
       "      <td>0.000117</td>\n",
       "      <td>0.000100</td>\n",
       "      <td>0.000087</td>\n",
       "      <td>0.000078</td>\n",
       "      <td>0.00007</td>\n",
       "    </tr>\n",
       "  </tbody>\n",
       "</table>\n",
       "</div>"
      ],
      "text/plain": [
       "Total_Supply[TokenA]       1000     2000      3000      4000     5000   \\\n",
       "Allocation Rate[Dev+Rev]                                                 \n",
       " 0 %                      0.0010  0.00050  0.000333  0.000250  0.00020   \n",
       "30 %                      0.0007  0.00035  0.000233  0.000175  0.00014   \n",
       "\n",
       "Total_Supply[TokenA]         6000      7000      8000      9000     10000  \n",
       "Allocation Rate[Dev+Rev]                                                   \n",
       " 0 %                      0.000167  0.000143  0.000125  0.000111  0.00010  \n",
       "30 %                      0.000117  0.000100  0.000087  0.000078  0.00007  "
      ]
     },
     "execution_count": 213,
     "metadata": {},
     "output_type": "execute_result"
    }
   ],
   "source": [
    "ETH = 100 #over Soft Capped funded\n",
    "Total_Supply = range(1000, 11000, 1000)\n",
    "Allocation_Rate = [1, 0.7]\n",
    "Sale_Price = 100\n",
    "df = pd.DataFrame([(ETH / np.array(Total_Supply)) * (1/Sale_Price) * rate for rate in np.array(Allocation_Rate)], \n",
    "                  index=[\"{:2d} %\".format(int((1 - r)* 100)) for r in Allocation_Rate], \n",
    "                  columns=list(Total_Supply))\n",
    "\n",
    "df.index.name = 'Allocation Rate[Dev+Rev]'\n",
    "df.columns.name = 'Total_Supply[TokenA]'\n",
    "df"
   ]
  },
  {
   "cell_type": "markdown",
   "metadata": {},
   "source": [
    "이상하게 보일 수도 있지만, ICO 판매 가격과 실제적 추정할수 있는 가치는 개발팀에서 가져가는 비율에 따라 더 낮아 질 수 있다.\n",
    "\n",
    "위의 테이블은 개발팀 보유 비율에 따라 추정할 수 있는 Token A 가치가 낮아짐을 보여주는 것 이다.\n",
    "\n",
    "트릴레마가 제기한 문제는 개발팀이 가져가는 Token의 비율이 Hard-Cap 기준을 따르는지, 아니면 실제적으로 판매된 Token A의 기준을 따르는 문제이다.\n",
    "\n",
    "아래는 Token A 판매 수익이 70ETH 일때, Total_Supply가 고정된 상태에서 추정할수 있는 Token A의 가격이다."
   ]
  },
  {
   "cell_type": "code",
   "execution_count": 193,
   "metadata": {},
   "outputs": [
    {
     "data": {
      "text/html": [
       "<div>\n",
       "<style scoped>\n",
       "    .dataframe tbody tr th:only-of-type {\n",
       "        vertical-align: middle;\n",
       "    }\n",
       "\n",
       "    .dataframe tbody tr th {\n",
       "        vertical-align: top;\n",
       "    }\n",
       "\n",
       "    .dataframe thead th {\n",
       "        text-align: right;\n",
       "    }\n",
       "</style>\n",
       "<table border=\"1\" class=\"dataframe\">\n",
       "  <thead>\n",
       "    <tr style=\"text-align: right;\">\n",
       "      <th>Total_Supply[TokenA]</th>\n",
       "      <th>1000</th>\n",
       "      <th>2000</th>\n",
       "      <th>3000</th>\n",
       "      <th>4000</th>\n",
       "      <th>5000</th>\n",
       "      <th>6000</th>\n",
       "      <th>7000</th>\n",
       "      <th>8000</th>\n",
       "      <th>9000</th>\n",
       "      <th>10000</th>\n",
       "    </tr>\n",
       "    <tr>\n",
       "      <th>Sale Price[A/ETH]</th>\n",
       "      <th></th>\n",
       "      <th></th>\n",
       "      <th></th>\n",
       "      <th></th>\n",
       "      <th></th>\n",
       "      <th></th>\n",
       "      <th></th>\n",
       "      <th></th>\n",
       "      <th></th>\n",
       "      <th></th>\n",
       "    </tr>\n",
       "  </thead>\n",
       "  <tbody>\n",
       "    <tr>\n",
       "      <th>100</th>\n",
       "      <td>0.000700</td>\n",
       "      <td>0.000350</td>\n",
       "      <td>0.000233</td>\n",
       "      <td>0.000175</td>\n",
       "      <td>0.000140</td>\n",
       "      <td>0.000117</td>\n",
       "      <td>0.000100</td>\n",
       "      <td>0.000088</td>\n",
       "      <td>0.000078</td>\n",
       "      <td>0.000070</td>\n",
       "    </tr>\n",
       "    <tr>\n",
       "      <th>200</th>\n",
       "      <td>0.000350</td>\n",
       "      <td>0.000175</td>\n",
       "      <td>0.000117</td>\n",
       "      <td>0.000088</td>\n",
       "      <td>0.000070</td>\n",
       "      <td>0.000058</td>\n",
       "      <td>0.000050</td>\n",
       "      <td>0.000044</td>\n",
       "      <td>0.000039</td>\n",
       "      <td>0.000035</td>\n",
       "    </tr>\n",
       "    <tr>\n",
       "      <th>300</th>\n",
       "      <td>0.000233</td>\n",
       "      <td>0.000117</td>\n",
       "      <td>0.000078</td>\n",
       "      <td>0.000058</td>\n",
       "      <td>0.000047</td>\n",
       "      <td>0.000039</td>\n",
       "      <td>0.000033</td>\n",
       "      <td>0.000029</td>\n",
       "      <td>0.000026</td>\n",
       "      <td>0.000023</td>\n",
       "    </tr>\n",
       "    <tr>\n",
       "      <th>400</th>\n",
       "      <td>0.000175</td>\n",
       "      <td>0.000088</td>\n",
       "      <td>0.000058</td>\n",
       "      <td>0.000044</td>\n",
       "      <td>0.000035</td>\n",
       "      <td>0.000029</td>\n",
       "      <td>0.000025</td>\n",
       "      <td>0.000022</td>\n",
       "      <td>0.000019</td>\n",
       "      <td>0.000018</td>\n",
       "    </tr>\n",
       "    <tr>\n",
       "      <th>500</th>\n",
       "      <td>0.000140</td>\n",
       "      <td>0.000070</td>\n",
       "      <td>0.000047</td>\n",
       "      <td>0.000035</td>\n",
       "      <td>0.000028</td>\n",
       "      <td>0.000023</td>\n",
       "      <td>0.000020</td>\n",
       "      <td>0.000018</td>\n",
       "      <td>0.000016</td>\n",
       "      <td>0.000014</td>\n",
       "    </tr>\n",
       "    <tr>\n",
       "      <th>600</th>\n",
       "      <td>0.000117</td>\n",
       "      <td>0.000058</td>\n",
       "      <td>0.000039</td>\n",
       "      <td>0.000029</td>\n",
       "      <td>0.000023</td>\n",
       "      <td>0.000019</td>\n",
       "      <td>0.000017</td>\n",
       "      <td>0.000015</td>\n",
       "      <td>0.000013</td>\n",
       "      <td>0.000012</td>\n",
       "    </tr>\n",
       "    <tr>\n",
       "      <th>700</th>\n",
       "      <td>0.000100</td>\n",
       "      <td>0.000050</td>\n",
       "      <td>0.000033</td>\n",
       "      <td>0.000025</td>\n",
       "      <td>0.000020</td>\n",
       "      <td>0.000017</td>\n",
       "      <td>0.000014</td>\n",
       "      <td>0.000013</td>\n",
       "      <td>0.000011</td>\n",
       "      <td>0.000010</td>\n",
       "    </tr>\n",
       "    <tr>\n",
       "      <th>800</th>\n",
       "      <td>0.000088</td>\n",
       "      <td>0.000044</td>\n",
       "      <td>0.000029</td>\n",
       "      <td>0.000022</td>\n",
       "      <td>0.000018</td>\n",
       "      <td>0.000015</td>\n",
       "      <td>0.000013</td>\n",
       "      <td>0.000011</td>\n",
       "      <td>0.000010</td>\n",
       "      <td>0.000009</td>\n",
       "    </tr>\n",
       "    <tr>\n",
       "      <th>900</th>\n",
       "      <td>0.000078</td>\n",
       "      <td>0.000039</td>\n",
       "      <td>0.000026</td>\n",
       "      <td>0.000019</td>\n",
       "      <td>0.000016</td>\n",
       "      <td>0.000013</td>\n",
       "      <td>0.000011</td>\n",
       "      <td>0.000010</td>\n",
       "      <td>0.000009</td>\n",
       "      <td>0.000008</td>\n",
       "    </tr>\n",
       "    <tr>\n",
       "      <th>1000</th>\n",
       "      <td>0.000070</td>\n",
       "      <td>0.000035</td>\n",
       "      <td>0.000023</td>\n",
       "      <td>0.000018</td>\n",
       "      <td>0.000014</td>\n",
       "      <td>0.000012</td>\n",
       "      <td>0.000010</td>\n",
       "      <td>0.000009</td>\n",
       "      <td>0.000008</td>\n",
       "      <td>0.000007</td>\n",
       "    </tr>\n",
       "  </tbody>\n",
       "</table>\n",
       "</div>"
      ],
      "text/plain": [
       "Total_Supply[TokenA]     1000      2000      3000      4000      5000   \\\n",
       "Sale Price[A/ETH]                                                        \n",
       "100                   0.000700  0.000350  0.000233  0.000175  0.000140   \n",
       "200                   0.000350  0.000175  0.000117  0.000088  0.000070   \n",
       "300                   0.000233  0.000117  0.000078  0.000058  0.000047   \n",
       "400                   0.000175  0.000088  0.000058  0.000044  0.000035   \n",
       "500                   0.000140  0.000070  0.000047  0.000035  0.000028   \n",
       "600                   0.000117  0.000058  0.000039  0.000029  0.000023   \n",
       "700                   0.000100  0.000050  0.000033  0.000025  0.000020   \n",
       "800                   0.000088  0.000044  0.000029  0.000022  0.000018   \n",
       "900                   0.000078  0.000039  0.000026  0.000019  0.000016   \n",
       "1000                  0.000070  0.000035  0.000023  0.000018  0.000014   \n",
       "\n",
       "Total_Supply[TokenA]     6000      7000      8000      9000      10000  \n",
       "Sale Price[A/ETH]                                                       \n",
       "100                   0.000117  0.000100  0.000088  0.000078  0.000070  \n",
       "200                   0.000058  0.000050  0.000044  0.000039  0.000035  \n",
       "300                   0.000039  0.000033  0.000029  0.000026  0.000023  \n",
       "400                   0.000029  0.000025  0.000022  0.000019  0.000018  \n",
       "500                   0.000023  0.000020  0.000018  0.000016  0.000014  \n",
       "600                   0.000019  0.000017  0.000015  0.000013  0.000012  \n",
       "700                   0.000017  0.000014  0.000013  0.000011  0.000010  \n",
       "800                   0.000015  0.000013  0.000011  0.000010  0.000009  \n",
       "900                   0.000013  0.000011  0.000010  0.000009  0.000008  \n",
       "1000                  0.000012  0.000010  0.000009  0.000008  0.000007  "
      ]
     },
     "execution_count": 193,
     "metadata": {},
     "output_type": "execute_result"
    }
   ],
   "source": [
    "ETH = 70 #hardcap funded\n",
    "Total_Supply = range(1000, 11000, 1000)\n",
    "Rate = range(100, 1100, 100)\n",
    "\n",
    "df = pd.DataFrame([(ETH / np.array(Total_Supply))], index=list(Rate), columns=list(Total_Supply))\n",
    "df = df.apply(lambda x: x / x.index)\n",
    "df.index.name = 'Sale Price[A/ETH]'\n",
    "df.columns.name = 'Total_Supply[TokenA]'\n",
    "df"
   ]
  },
  {
   "cell_type": "markdown",
   "metadata": {},
   "source": [
    "기대할 수 있는 가격의 30%가 낮아졌다.\n",
    "\n",
    "Token A 판매가 70ETH 만큼 이루어졌을 때, Total_Supply도 판매 비율만큼 조정하면 어떻게 될 지 확인해보자."
   ]
  },
  {
   "cell_type": "code",
   "execution_count": 203,
   "metadata": {},
   "outputs": [
    {
     "data": {
      "text/html": [
       "<div>\n",
       "<style scoped>\n",
       "    .dataframe tbody tr th:only-of-type {\n",
       "        vertical-align: middle;\n",
       "    }\n",
       "\n",
       "    .dataframe tbody tr th {\n",
       "        vertical-align: top;\n",
       "    }\n",
       "\n",
       "    .dataframe thead th {\n",
       "        text-align: right;\n",
       "    }\n",
       "</style>\n",
       "<table border=\"1\" class=\"dataframe\">\n",
       "  <thead>\n",
       "    <tr style=\"text-align: right;\">\n",
       "      <th>Total_Supply[TokenA]</th>\n",
       "      <th>700.0</th>\n",
       "      <th>1400.0</th>\n",
       "      <th>2100.0</th>\n",
       "      <th>2800.0</th>\n",
       "      <th>3500.0</th>\n",
       "      <th>4200.0</th>\n",
       "      <th>4900.0</th>\n",
       "      <th>5600.0</th>\n",
       "      <th>6300.0</th>\n",
       "      <th>7000.0</th>\n",
       "    </tr>\n",
       "    <tr>\n",
       "      <th>Sale Price[A/ETH]</th>\n",
       "      <th></th>\n",
       "      <th></th>\n",
       "      <th></th>\n",
       "      <th></th>\n",
       "      <th></th>\n",
       "      <th></th>\n",
       "      <th></th>\n",
       "      <th></th>\n",
       "      <th></th>\n",
       "      <th></th>\n",
       "    </tr>\n",
       "  </thead>\n",
       "  <tbody>\n",
       "    <tr>\n",
       "      <th>100</th>\n",
       "      <td>0.001000</td>\n",
       "      <td>0.000500</td>\n",
       "      <td>0.000333</td>\n",
       "      <td>0.000250</td>\n",
       "      <td>0.000200</td>\n",
       "      <td>0.000167</td>\n",
       "      <td>0.000143</td>\n",
       "      <td>0.000125</td>\n",
       "      <td>0.000111</td>\n",
       "      <td>0.000100</td>\n",
       "    </tr>\n",
       "    <tr>\n",
       "      <th>200</th>\n",
       "      <td>0.000500</td>\n",
       "      <td>0.000250</td>\n",
       "      <td>0.000167</td>\n",
       "      <td>0.000125</td>\n",
       "      <td>0.000100</td>\n",
       "      <td>0.000083</td>\n",
       "      <td>0.000071</td>\n",
       "      <td>0.000063</td>\n",
       "      <td>0.000056</td>\n",
       "      <td>0.000050</td>\n",
       "    </tr>\n",
       "    <tr>\n",
       "      <th>300</th>\n",
       "      <td>0.000333</td>\n",
       "      <td>0.000167</td>\n",
       "      <td>0.000111</td>\n",
       "      <td>0.000083</td>\n",
       "      <td>0.000067</td>\n",
       "      <td>0.000056</td>\n",
       "      <td>0.000048</td>\n",
       "      <td>0.000042</td>\n",
       "      <td>0.000037</td>\n",
       "      <td>0.000033</td>\n",
       "    </tr>\n",
       "    <tr>\n",
       "      <th>400</th>\n",
       "      <td>0.000250</td>\n",
       "      <td>0.000125</td>\n",
       "      <td>0.000083</td>\n",
       "      <td>0.000063</td>\n",
       "      <td>0.000050</td>\n",
       "      <td>0.000042</td>\n",
       "      <td>0.000036</td>\n",
       "      <td>0.000031</td>\n",
       "      <td>0.000028</td>\n",
       "      <td>0.000025</td>\n",
       "    </tr>\n",
       "    <tr>\n",
       "      <th>500</th>\n",
       "      <td>0.000200</td>\n",
       "      <td>0.000100</td>\n",
       "      <td>0.000067</td>\n",
       "      <td>0.000050</td>\n",
       "      <td>0.000040</td>\n",
       "      <td>0.000033</td>\n",
       "      <td>0.000029</td>\n",
       "      <td>0.000025</td>\n",
       "      <td>0.000022</td>\n",
       "      <td>0.000020</td>\n",
       "    </tr>\n",
       "    <tr>\n",
       "      <th>600</th>\n",
       "      <td>0.000167</td>\n",
       "      <td>0.000083</td>\n",
       "      <td>0.000056</td>\n",
       "      <td>0.000042</td>\n",
       "      <td>0.000033</td>\n",
       "      <td>0.000028</td>\n",
       "      <td>0.000024</td>\n",
       "      <td>0.000021</td>\n",
       "      <td>0.000019</td>\n",
       "      <td>0.000017</td>\n",
       "    </tr>\n",
       "    <tr>\n",
       "      <th>700</th>\n",
       "      <td>0.000143</td>\n",
       "      <td>0.000071</td>\n",
       "      <td>0.000048</td>\n",
       "      <td>0.000036</td>\n",
       "      <td>0.000029</td>\n",
       "      <td>0.000024</td>\n",
       "      <td>0.000020</td>\n",
       "      <td>0.000018</td>\n",
       "      <td>0.000016</td>\n",
       "      <td>0.000014</td>\n",
       "    </tr>\n",
       "    <tr>\n",
       "      <th>800</th>\n",
       "      <td>0.000125</td>\n",
       "      <td>0.000063</td>\n",
       "      <td>0.000042</td>\n",
       "      <td>0.000031</td>\n",
       "      <td>0.000025</td>\n",
       "      <td>0.000021</td>\n",
       "      <td>0.000018</td>\n",
       "      <td>0.000016</td>\n",
       "      <td>0.000014</td>\n",
       "      <td>0.000013</td>\n",
       "    </tr>\n",
       "    <tr>\n",
       "      <th>900</th>\n",
       "      <td>0.000111</td>\n",
       "      <td>0.000056</td>\n",
       "      <td>0.000037</td>\n",
       "      <td>0.000028</td>\n",
       "      <td>0.000022</td>\n",
       "      <td>0.000019</td>\n",
       "      <td>0.000016</td>\n",
       "      <td>0.000014</td>\n",
       "      <td>0.000012</td>\n",
       "      <td>0.000011</td>\n",
       "    </tr>\n",
       "    <tr>\n",
       "      <th>1000</th>\n",
       "      <td>0.000100</td>\n",
       "      <td>0.000050</td>\n",
       "      <td>0.000033</td>\n",
       "      <td>0.000025</td>\n",
       "      <td>0.000020</td>\n",
       "      <td>0.000017</td>\n",
       "      <td>0.000014</td>\n",
       "      <td>0.000013</td>\n",
       "      <td>0.000011</td>\n",
       "      <td>0.000010</td>\n",
       "    </tr>\n",
       "  </tbody>\n",
       "</table>\n",
       "</div>"
      ],
      "text/plain": [
       "Total_Supply[TokenA]    700.0     1400.0    2100.0    2800.0    3500.0  \\\n",
       "Sale Price[A/ETH]                                                        \n",
       "100                   0.001000  0.000500  0.000333  0.000250  0.000200   \n",
       "200                   0.000500  0.000250  0.000167  0.000125  0.000100   \n",
       "300                   0.000333  0.000167  0.000111  0.000083  0.000067   \n",
       "400                   0.000250  0.000125  0.000083  0.000063  0.000050   \n",
       "500                   0.000200  0.000100  0.000067  0.000050  0.000040   \n",
       "600                   0.000167  0.000083  0.000056  0.000042  0.000033   \n",
       "700                   0.000143  0.000071  0.000048  0.000036  0.000029   \n",
       "800                   0.000125  0.000063  0.000042  0.000031  0.000025   \n",
       "900                   0.000111  0.000056  0.000037  0.000028  0.000022   \n",
       "1000                  0.000100  0.000050  0.000033  0.000025  0.000020   \n",
       "\n",
       "Total_Supply[TokenA]    4200.0    4900.0    5600.0    6300.0    7000.0  \n",
       "Sale Price[A/ETH]                                                       \n",
       "100                   0.000167  0.000143  0.000125  0.000111  0.000100  \n",
       "200                   0.000083  0.000071  0.000063  0.000056  0.000050  \n",
       "300                   0.000056  0.000048  0.000042  0.000037  0.000033  \n",
       "400                   0.000042  0.000036  0.000031  0.000028  0.000025  \n",
       "500                   0.000033  0.000029  0.000025  0.000022  0.000020  \n",
       "600                   0.000028  0.000024  0.000021  0.000019  0.000017  \n",
       "700                   0.000024  0.000020  0.000018  0.000016  0.000014  \n",
       "800                   0.000021  0.000018  0.000016  0.000014  0.000013  \n",
       "900                   0.000019  0.000016  0.000014  0.000012  0.000011  \n",
       "1000                  0.000017  0.000014  0.000013  0.000011  0.000010  "
      ]
     },
     "execution_count": 203,
     "metadata": {},
     "output_type": "execute_result"
    }
   ],
   "source": [
    "ETH = 70 #hardcap funded\n",
    "Total_Supply = np.array(range(1000, 11000, 1000)) * 0.7\n",
    "Rate = range(100, 1100, 100)\n",
    "\n",
    "df = pd.DataFrame([(ETH / np.array(Total_Supply))], index=list(Rate), columns=list(Total_Supply))\n",
    "df = df.apply(lambda x: x / x.index)\n",
    "df.index.name = 'Sale Price[A/ETH]'\n",
    "df.columns.name = 'Total_Supply[TokenA]'\n",
    "df"
   ]
  },
  {
   "cell_type": "markdown",
   "metadata": {},
   "source": [
    "Hard Capped 기준으로 기대할 수 있는 가격으로 돌아왔다. 위와 같이 ICO의 Total_Supply는 유동적으로 변경한다면, 기대할 수 있는 가격은 고정된다.\n",
    "\n",
    "따라서 ICO 진행시 개발팀은 Token의 판매량 기준을 적용한 비율로 Token 수를 할당 받아야, 개별토큰의 기대 가격이 낮게 책정되지 않을것이다.\n",
    "\n",
    "이는 Mintable Token으로 ICO를 진행하며, 판매된 Token 수를 기준으로 분배비율을 적용하는 Contract가 작성되어야 투자자들의 손실을 감소시킬 수 있다.\n",
    "\n",
    "서두에 두번째로 언급하였던 부분으로 돌아가보자면, ICO를 통해 생성한 Token들의 가치는 사실상 ICO 진행하면서 투입된 자원들의 가치와 무관하게 보아야 Sale Price+α = Token Price 를 설명할 수 있다."
   ]
  }
 ],
 "metadata": {
  "kernelspec": {
   "display_name": "Py35_Eth",
   "language": "python",
   "name": "py35_eth"
  },
  "language_info": {
   "codemirror_mode": {
    "name": "ipython",
    "version": 3
   },
   "file_extension": ".py",
   "mimetype": "text/x-python",
   "name": "python",
   "nbconvert_exporter": "python",
   "pygments_lexer": "ipython3",
   "version": "3.5.5"
  }
 },
 "nbformat": 4,
 "nbformat_minor": 2
}
